       0.1         5        7.94457    8.28238e-16       0.829113              0
       0.1   5.23564        8.71105    7.55362e-16       0.829113              0
       0.1   5.48239        9.55148    6.88899e-16       0.829113              0
       0.1   5.74077         10.473    6.28283e-16       0.829113              0
       0.1   6.01132        11.4834    5.73001e-16       0.829113              0
       0.1   6.29463        12.5913    5.22583e-16       0.829113              0
       0.1   6.59128        13.8061    4.76601e-16       0.829113              0
       0.1   6.90192        15.1381    4.34666e-16       0.829113              0
       0.1    7.2272        16.5986     3.9642e-16       0.829113              0
       0.1   7.56781           18.2    3.61539e-16       0.829113              0
       0.1   7.92447        19.9559    3.29728e-16       0.829113              0
       0.1   8.29793        21.8812    3.00715e-16       0.829113              0
       0.1     8.689        23.9922    2.74255e-16       0.829113              0
       0.1    9.0985         26.307    2.50124e-16       0.829113              0
       0.1    9.5273         28.845    2.28116e-16       0.829113              0
       0.1   9.97631        31.6279    2.08044e-16       0.829113              0
       0.1   10.4465        34.6793    1.89738e-16       0.829113              0
       0.1   10.9388        38.0251    1.73043e-16       0.829113              0
       0.1   11.4543        41.6937    1.57818e-16       0.829113              0
       0.1   11.9942        45.7163    1.43931e-16       0.829113              0
       0.1   12.5594        50.1269    1.31267e-16       0.829113              0
       0.1   13.1513         54.963    1.19717e-16       0.829113              0
       0.1   13.7711        60.2658    1.09183e-16       0.829113              0
       0.1   14.4202        66.0801    9.95761e-17       0.829113              0
       0.1   15.0998        72.4554    9.08145e-17       0.829113              0
       0.1   15.8114        79.4457    8.28238e-17       0.829113              0
       0.1   16.5566        87.1105    7.55362e-17       0.829113              0
       0.1   17.3368        95.5148    6.88899e-17       0.829113              0
       0.1   18.1539         104.73    6.28283e-17       0.829113              0
       0.1   19.0095        114.834    5.73001e-17       0.829113              0
       0.1   19.9054        125.913    5.22583e-17       0.829113              0
       0.1   20.8435        138.061    4.76601e-17       0.829113              0
       0.1   21.8258        151.381    4.34666e-17       0.829113              0
       0.1   22.8544        165.986     3.9642e-17       0.829113              0
       0.1   23.9315            182    3.61539e-17       0.829113              0
       0.1   25.0594        199.559    3.29728e-17       0.829113              0
       0.1   26.2404        218.812    3.00715e-17       0.829113              0
       0.1    27.477        239.922    2.74255e-17       0.829113              0
       0.1    28.772         263.07    2.50124e-17       0.829113              0
       0.1    30.128         288.45    2.28116e-17       0.829113              0
       0.1   31.5479        316.279    2.08044e-17       0.829113              0
       0.1   33.0347        346.793    1.89738e-17       0.829113              0
       0.1   34.5915        380.251    1.73043e-17       0.829113              0
       0.1   36.2218        416.937    1.57818e-17       0.829113              0
       0.1   37.9289        457.163    1.43931e-17       0.829113              0
       0.1   39.7164        501.269    1.31267e-17       0.829113              0
       0.1   41.5882         549.63    1.19717e-17       0.829113              0
       0.1   43.5482        602.658    1.09183e-17       0.829113              0
       0.1   45.6005        660.801    9.95761e-18       0.829113              0
       0.1   47.7496        724.554    9.08145e-18       0.829113              0
       0.1        50        794.457    8.28238e-18       0.829113              0
       0.1   52.3564        871.105    7.55362e-18       0.829113              0
       0.1   54.8239        955.148    6.88899e-18       0.829113              0
       0.1   57.4077         1047.3    6.28283e-18       0.829113              0
       0.1   60.1132        1148.34    5.73001e-18       0.829113              0
       0.1   62.9463        1259.13    5.22583e-18       0.829113              0
       0.1   65.9128        1380.61    4.76601e-18       0.829113              0
       0.1   69.0192        1513.81    4.34666e-18       0.829113              0
       0.1    72.272        1659.86     3.9642e-18       0.829113              0
       0.1   75.6781           1820    3.61539e-18       0.829113              0
       0.1   79.2447        1995.59    3.29728e-18       0.829113              0
       0.1   82.9793        2188.12    3.00715e-18       0.829113              0
       0.1     86.89        2399.22    2.74255e-18       0.829113              0
       0.1    90.985         2630.7    2.50124e-18       0.829113              0
       0.1    95.273         2884.5    2.28116e-18       0.829113              0
       0.1   99.7631        3162.79    2.08044e-18       0.829113              0
       0.1   104.465        3467.93    1.89738e-18       0.829113              0
       0.1   109.388        3802.51    1.73043e-18       0.829113              0
       0.1   114.543        4169.37    1.57818e-18       0.829113              0
       0.1   119.942        4571.63    1.43931e-18       0.829113              0
       0.1   125.594        5012.69    1.31267e-18       0.829113              0
       0.1   131.513         5496.3    1.19717e-18       0.829113              0
       0.1   137.711        6026.58    1.09183e-18       0.829113              0
       0.1   144.202        6608.01    9.95761e-19       0.829113              0
       0.1   150.998        7245.54    9.08145e-19       0.829113              0
       0.1   158.114        7944.57    8.28238e-19       0.829113              0
       0.1   165.566        8711.05    7.55362e-19       0.829113              0
       0.1   173.368        9551.48    6.88899e-19       0.829113              0
       0.1   181.539          10473    6.28283e-19       0.829113              0
       0.1   190.095        11483.4    5.73001e-19       0.829113              0
       0.1   199.054        12591.3    5.22583e-19       0.829113              0
       0.1   208.435        13806.1    4.76601e-19       0.829113              0
       0.1   218.258        15138.1    4.34666e-19       0.829113              0
       0.1   228.544        16598.6     3.9642e-19       0.829113              0
       0.1   239.315          18200    3.61539e-19       0.829113              0
       0.1   250.594        19955.9    3.29728e-19       0.829113              0
       0.1   262.404        21881.2    3.00715e-19       0.829113              0
       0.1    274.77        23992.2    2.74255e-19       0.829113              0
       0.1    287.72          26307    2.50124e-19       0.829113              0
       0.1    301.28          28845    2.28116e-19       0.829113              0
       0.1   315.479        31627.9    2.08044e-19       0.829113              0
       0.1   330.347        34679.3    1.89738e-19       0.829113              0
       0.1   345.915        38025.1    1.73043e-19       0.829113              0
       0.1   362.218        41693.7    1.57818e-19       0.829113              0
       0.1   379.289        45716.3    1.43931e-19       0.829113              0
       0.1   397.164        50126.9    1.31267e-19       0.829113              0
       0.1   415.882          54963    1.19717e-19       0.829113              0
       0.1   435.482        60265.8    1.09183e-19       0.829113              0
       0.1   456.005        66080.1    9.95761e-20       0.829113              0
       0.1   477.496        72455.4    9.08145e-20       0.829113              0
       0.1       500        79445.7    8.28238e-20       0.829113              0
       0.1   523.564        87110.5    7.55362e-20       0.829113              0
       0.1   548.239        95514.8    6.88899e-20       0.829113              0
       0.1   574.077         104730    6.28283e-20       0.829113              0
       0.1   601.132         114834    5.73001e-20       0.829113              0
       0.1   629.463         125913    5.22583e-20       0.829113              0
       0.1   659.128         138061    4.76601e-20       0.829113              0
       0.1   690.192         151381    4.34666e-20       0.829113              0
       0.1    722.72         165986     3.9642e-20       0.829113              0
       0.1   756.781         182000    3.61539e-20       0.829113              0
       0.1   792.447         199559    3.29728e-20       0.829113              0
       0.1   829.793         218812    3.00715e-20       0.829113              0
       0.1     868.9         239922    2.74255e-20       0.829113              0
       0.1    909.85         263070    2.50124e-20       0.829113              0
       0.1    952.73         288450    2.28116e-20       0.829113              0
       0.1   997.631         316279    2.08044e-20       0.829113              0
      0.12         5        3.77214    1.74437e-15        0.47241              0
      0.12   5.23564        4.13607    1.59088e-15        0.47241              0
      0.12   5.48239        4.53511     1.4509e-15        0.47241              0
      0.12   5.74077        4.97265    1.32324e-15        0.47241              0
      0.12   6.01132         5.4524    1.20681e-15        0.47241              0
      0.12   6.29463        5.97844    1.10062e-15        0.47241              0
      0.12   6.59128        6.55523    1.00378e-15        0.47241              0
      0.12   6.90192        7.18766    9.15457e-16        0.47241              0
      0.12    7.2272        7.88112    8.34907e-16        0.47241              0
      0.12   7.56781        8.64147    7.61444e-16        0.47241              0
      0.12   7.92447        9.47519    6.94446e-16        0.47241              0
      0.12   8.29793        10.3893    6.33342e-16        0.47241              0
      0.12     8.689        11.3917    5.77615e-16        0.47241              0
      0.12    9.0985        12.4907    5.26791e-16        0.47241              0
      0.12    9.5273        13.6958    4.80439e-16        0.47241              0
      0.12   9.97631        15.0172    4.38166e-16        0.47241              0
      0.12   10.4465         16.466    3.99612e-16        0.47241              0
      0.12   10.9388        18.0546     3.6445e-16        0.47241              0
      0.12   11.4543        19.7965    3.32383e-16        0.47241              0
      0.12   11.9942        21.7064    3.03136e-16        0.47241              0
      0.12   12.5594        23.8006    2.76464e-16        0.47241              0
      0.12   13.1513        26.0968    2.52138e-16        0.47241              0
      0.12   13.7711        28.6146    2.29953e-16        0.47241              0
      0.12   14.4202        31.3753    2.09719e-16        0.47241              0
      0.12   15.0998        34.4023    1.91266e-16        0.47241              0
      0.12   15.8114        37.7214    1.74437e-16        0.47241              0
      0.12   16.5566        41.3607    1.59088e-16        0.47241              0
      0.12   17.3368        45.3511     1.4509e-16        0.47241              0
      0.12   18.1539        49.7265    1.32324e-16        0.47241              0
      0.12   19.0095         54.524    1.20681e-16        0.47241              0
      0.12   19.9054        59.7844    1.10062e-16        0.47241              0
      0.12   20.8435        65.5523    1.00378e-16        0.47241              0
      0.12   21.8258        71.8766    9.15458e-17        0.47241              0
      0.12   22.8544        78.8111    8.34907e-17        0.47241              0
      0.12   23.9315        86.4147    7.61444e-17        0.47241              0
      0.12   25.0594        94.7518    6.94446e-17        0.47241              0
      0.12   26.2404        103.893    6.33342e-17        0.47241              0
      0.12    27.477        113.917    5.77615e-17        0.47241              0
      0.12    28.772        124.907    5.26791e-17        0.47241              0
      0.12    30.128        136.958    4.80439e-17        0.47241              0
      0.12   31.5479        150.172    4.38166e-17        0.47241              0
      0.12   33.0347         164.66    3.99612e-17        0.47241              0
      0.12   34.5915        180.546     3.6445e-17        0.47241              0
      0.12   36.2218        197.965    3.32383e-17        0.47241              0
      0.12   37.9289        217.064    3.03137e-17        0.47241              0
      0.12   39.7164        238.006    2.76464e-17        0.47241              0
      0.12   41.5882        260.968    2.52138e-17        0.47241              0
      0.12   43.5482        286.146    2.29953e-17        0.47241              0
      0.12   45.6005        313.753    2.09719e-17        0.47241              0
      0.12   47.7496        344.023    1.91266e-17        0.47241              0
      0.12        50        377.214    1.74437e-17        0.47241              0
      0.12   52.3564        413.607    1.59088e-17        0.47241              0
      0.12   54.8239        453.511     1.4509e-17        0.47241              0
      0.12   57.4077        497.265    1.32324e-17        0.47241              0
      0.12   60.1132         545.24    1.20681e-17        0.47241              0
      0.12   62.9463        597.844    1.10062e-17        0.47241              0
      0.12   65.9128        655.523    1.00378e-17        0.47241              0
      0.12   69.0192        718.766    9.15458e-18        0.47241              0
      0.12    72.272        788.111    8.34907e-18        0.47241              0
      0.12   75.6781        864.147    7.61445e-18        0.47241              0
      0.12   79.2447        947.518    6.94446e-18        0.47241              0
      0.12   82.9793        1038.93    6.33342e-18        0.47241              0
      0.12     86.89        1139.17    5.77615e-18        0.47241              0
      0.12    90.985        1249.07    5.26791e-18        0.47241              0
      0.12    95.273        1369.58    4.80439e-18        0.47241              0
      0.12   99.7631        1501.72    4.38166e-18        0.47241              0
      0.12   104.465         1646.6    3.99612e-18        0.47241              0
      0.12   109.388        1805.46     3.6445e-18        0.47241              0
      0.12   114.543        1979.65    3.32383e-18        0.47241              0
      0.12   119.942        2170.64    3.03137e-18        0.47241              0
      0.12   125.594        2380.06    2.76464e-18        0.47241              0
      0.12   131.513        2609.68    2.52138e-18        0.47241              0
      0.12   137.711        2861.46    2.29953e-18        0.47241              0
      0.12   144.202        3137.53    2.09719e-18        0.47241              0
      0.12   150.998        3440.23    1.91266e-18        0.47241              0
      0.12   158.114        3772.14    1.74437e-18        0.47241              0
      0.12   165.566        4136.07    1.59088e-18        0.47241              0
      0.12   173.368        4535.11     1.4509e-18        0.47241              0
      0.12   181.539        4972.65    1.32324e-18        0.47241              0
      0.12   190.095         5452.4    1.20681e-18        0.47241              0
