       0.5         5    3.43369e-15              0    2.57915e-05              0
       0.5   5.23564    3.13156e-15              0    2.57915e-05              0
       0.5   5.48239    2.85602e-15              0    2.57915e-05              0
       0.5   5.74077    2.60472e-15              0    2.57915e-05              0
       0.5   6.01132    2.37553e-15              0    2.57915e-05              0
       0.5   6.29463    2.16651e-15              0    2.57915e-05              0
       0.5   6.59128    1.97588e-15              0    2.57915e-05              0
       0.5   6.90192    1.80203e-15              0    2.57915e-05              0
       0.5    7.2272    1.64347e-15              0    2.57915e-05              0
       0.5   7.56781    1.49886e-15              0    2.57915e-05              0
       0.5   7.92447    1.36698e-15              0    2.57915e-05              0
       0.5   8.29793     1.2467e-15              0    2.57915e-05              0
       0.5     8.689      1.137e-15              0    2.57915e-05              0
       0.5    9.0985    1.03696e-15              0    2.57915e-05              0
       0.5    9.5273    9.45716e-16              0    2.57915e-05              0
       0.5   9.97631    8.62503e-16              0    2.57915e-05              0
       0.5   10.4465    7.86612e-16              0    2.57915e-05              0
       0.5   10.9388    7.17399e-16              0    2.57915e-05              0
       0.5   11.4543    6.54276e-16              0    2.57915e-05              0
       0.5   11.9942    5.96707e-16              0    2.57915e-05              0
       0.5   12.5594    5.44203e-16              0    2.57915e-05              0
       0.5   13.1513    4.96319e-16              0    2.57915e-05              0
       0.5   13.7711    4.52648e-16              0    2.57915e-05              0
       0.5   14.4202     4.1282e-16              0    2.57915e-05              0
       0.5   15.0998    3.76496e-16              0    2.57915e-05              0
       0.5   15.8114    3.43369e-16              0    2.57915e-05              0
       0.5   16.5566    3.13156e-16              0    2.57915e-05              0
       0.5   17.3368    2.85602e-16              0    2.57915e-05              0
       0.5   18.1539    2.60472e-16              0    2.57915e-05              0
       0.5   19.0095    2.37553e-16              0    2.57915e-05              0
       0.5   19.9054    2.16651e-16              0    2.57915e-05              0
       0.5   20.8435    1.97588e-16              0    2.57915e-05              0
       0.5   21.8258    1.80203e-16              0    2.57915e-05              0
       0.5   22.8544    1.64347e-16              0    2.57915e-05              0
       0.5   23.9315    1.49886e-16              0    2.57915e-05              0
       0.5   25.0594    1.36698e-16              0    2.57915e-05              0
       0.5   26.2404     1.2467e-16              0    2.57915e-05              0
       0.5    27.477      1.137e-16              0    2.57915e-05              0
       0.5    28.772    1.03696e-16              0    2.57915e-05              0
       0.5    30.128    9.45716e-17              0    2.57915e-05              0
       0.5   31.5479    8.62503e-17              0    2.57915e-05              0
       0.5   33.0347    7.86612e-17              0    2.57915e-05              0
       0.5   34.5915    7.17399e-17              0    2.57915e-05              0
       0.5   36.2218    6.54276e-17              0    2.57915e-05              0
       0.5   37.9289    5.96707e-17              0    2.57915e-05              0
       0.5   39.7164    5.44203e-17              0    2.57915e-05              0
       0.5   41.5882    4.96319e-17              0    2.57915e-05              0
       0.5   43.5482    4.52648e-17              0    2.57915e-05              0
       0.5   45.6005     4.1282e-17              0    2.57915e-05              0
       0.5   47.7496    3.76496e-17              0    2.57915e-05              0
       0.5        50    3.43369e-17              0    2.57915e-05              0
       0.5   52.3564    3.13156e-17              0    2.57915e-05              0
       0.5   54.8239    2.85602e-17              0    2.57915e-05              0
       0.5   57.4077    2.60472e-17              0    2.57915e-05              0
       0.5   60.1132    2.37553e-17              0    2.57915e-05              0
       0.5   62.9463    2.16651e-17              0    2.57915e-05              0
       0.5   65.9128    1.97588e-17              0    2.57915e-05              0
       0.5   69.0192    1.80203e-17              0    2.57915e-05              0
       0.5    72.272    1.64347e-17              0    2.57915e-05              0
       0.5   75.6781    1.49886e-17              0    2.57915e-05              0
       0.5   79.2447    1.36698e-17              0    2.57915e-05              0
       0.5   82.9793     1.2467e-17              0    2.57915e-05              0
       0.5     86.89      1.137e-17              0    2.57915e-05              0
       0.5    90.985    1.03696e-17              0    2.57915e-05              0
       0.5    95.273    9.45716e-18              0    2.57915e-05              0
       0.5   99.7631    8.62503e-18              0    2.57915e-05              0
       0.5   104.465    7.86612e-18              0    2.57915e-05              0
       0.5   109.388    7.17399e-18              0    2.57915e-05              0
       0.5   114.543    6.54276e-18              0    2.57915e-05              0
       0.5   119.942    5.96707e-18              0    2.57915e-05              0
       0.5   125.594    5.44203e-18              0    2.57915e-05              0
       0.5   131.513    4.96319e-18              0    2.57915e-05              0
       0.5   137.711    4.52648e-18              0    2.57915e-05              0
       0.5   144.202     4.1282e-18              0    2.57915e-05              0
       0.5   150.998    3.76496e-18              0    2.57915e-05              0
       0.5   158.114    3.43369e-18              0    2.57915e-05              0
       0.5   165.566    3.13156e-18              0    2.57915e-05              0
       0.5   173.368    2.85602e-18              0    2.57915e-05              0
       0.5   181.539    2.60472e-18              0    2.57915e-05              0
       0.5   190.095    2.37553e-18              0    2.57915e-05              0
       0.5   199.054    2.16651e-18              0    2.57915e-05              0
       0.5   208.435    1.97588e-18              0    2.57915e-05              0
       0.5   218.258    1.80203e-18              0    2.57915e-05              0
       0.5   228.544    1.64347e-18              0    2.57915e-05              0
       0.5   239.315    1.49886e-18              0    2.57915e-05              0
       0.5   250.594    1.36698e-18              0    2.57915e-05              0
       0.5   262.404     1.2467e-18              0    2.57915e-05              0
       0.5    274.77      1.137e-18              0    2.57915e-05              0
       0.5    287.72    1.03696e-18              0    2.57915e-05              0
       0.5    301.28    9.45716e-19              0    2.57915e-05              0
       0.5   315.479    8.62503e-19              0    2.57915e-05              0
       0.5   330.347    7.86612e-19              0    2.57915e-05              0
       0.5   345.915    7.17399e-19              0    2.57915e-05              0
       0.5   362.218    6.54276e-19              0    2.57915e-05              0
       0.5   379.289    5.96707e-19              0    2.57915e-05              0
       0.5   397.164    5.44203e-19              0    2.57915e-05              0
       0.5   415.882    4.96319e-19              0    2.57915e-05              0
       0.5   435.482    4.52648e-19              0    2.57915e-05              0
       0.5   456.005     4.1282e-19              0    2.57915e-05              0
       0.5   477.496    3.76496e-19              0    2.57915e-05              0
       0.5       500    3.43369e-19              0    2.57915e-05              0
       0.5   523.564    3.13156e-19              0    2.57915e-05              0
       0.5   548.239    2.85602e-19              0    2.57915e-05              0
       0.5   574.077    2.60472e-19              0    2.57915e-05              0
       0.5   601.132    2.37553e-19              0    2.57915e-05              0
       0.5   629.463    2.16651e-19              0    2.57915e-05              0
       0.5   659.128    1.97588e-19              0    2.57915e-05              0
       0.5   690.192    1.80203e-19              0    2.57915e-05              0
       0.5    722.72    1.64347e-19              0    2.57915e-05              0
       0.5   756.781    1.49886e-19              0    2.57915e-05              0
       0.5   792.447    1.36698e-19              0    2.57915e-05              0
       0.5   829.793     1.2467e-19              0    2.57915e-05              0
       0.5     868.9      1.137e-19              0    2.57915e-05              0
       0.5    909.85    1.03696e-19              0    2.57915e-05              0
       0.5    952.73    9.45716e-20              0    2.57915e-05              0
       0.5   997.631    8.62503e-20              0    2.57915e-05              0
      0.53         5    3.63971e-15              0    2.53021e-05              0
      0.53   5.23564    3.31945e-15              0    2.53021e-05              0
      0.53   5.48239    3.02738e-15              0    2.53021e-05              0
      0.53   5.74077      2.761e-15              0    2.53021e-05              0
      0.53   6.01132    2.51806e-15              0    2.53021e-05              0
      0.53   6.29463     2.2965e-15              0    2.53021e-05              0
      0.53   6.59128    2.09443e-15              0    2.53021e-05              0
      0.53   6.90192    1.91015e-15              0    2.53021e-05              0
      0.53    7.2272    1.74207e-15              0    2.53021e-05              0
      0.53   7.56781    1.58879e-15              0    2.53021e-05              0
      0.53   7.92447    1.44899e-15              0    2.53021e-05              0
      0.53   8.29793     1.3215e-15              0    2.53021e-05              0
      0.53     8.689    1.20522e-15              0    2.53021e-05              0
      0.53    9.0985    1.09917e-15              0    2.53021e-05              0
      0.53    9.5273    1.00246e-15              0    2.53021e-05              0
      0.53   9.97631    9.14254e-16              0    2.53021e-05              0
      0.53   10.4465    8.33809e-16              0    2.53021e-05              0
      0.53   10.9388    7.60443e-16              0    2.53021e-05              0
      0.53   11.4543    6.93532e-16              0    2.53021e-05              0
      0.53   11.9942    6.32509e-16              0    2.53021e-05              0
      0.53   12.5594    5.76855e-16              0    2.53021e-05              0
      0.53   13.1513    5.26098e-16              0    2.53021e-05              0
      0.53   13.7711    4.79807e-16              0    2.53021e-05              0
      0.53   14.4202    4.37589e-16              0    2.53021e-05              0
      0.53   15.0998    3.99086e-16              0    2.53021e-05              0
      0.53   15.8114    3.63971e-16              0    2.53021e-05              0
      0.53   16.5566    3.31945e-16              0    2.53021e-05              0
      0.53   17.3368    3.02738e-16              0    2.53021e-05              0
      0.53   18.1539      2.761e-16              0    2.53021e-05              0
      0.53   19.0095    2.51806e-16              0    2.53021e-05              0
      0.53   19.9054     2.2965e-16              0    2.53021e-05              0
      0.53   20.8435    2.09443e-16              0    2.53021e-05              0
      0.53   21.8258    1.91015e-16              0    2.53021e-05              0
      0.53   22.8544    1.74207e-16              0    2.53021e-05              0
      0.53   23.9315    1.58879e-16              0    2.53021e-05              0
      0.53   25.0594    1.44899e-16              0    2.53021e-05              0
      0.53   26.2404     1.3215e-16              0    2.53021e-05              0
      0.53    27.477    1.20522e-16              0    2.53021e-05              0
      0.53    28.772    1.09917e-16              0    2.53021e-05              0
      0.53    30.128    1.00246e-16              0    2.53021e-05              0
      0.53   31.5479    9.14254e-17              0    2.53021e-05              0
      0.53   33.0347    8.33809e-17              0    2.53021e-05              0
      0.53   34.5915    7.60443e-17              0    2.53021e-05              0
      0.53   36.2218    6.93532e-17              0    2.53021e-05              0
      0.53   37.9289    6.32509e-17              0    2.53021e-05              0
      0.53   39.7164    5.76855e-17              0    2.53021e-05              0
      0.53   41.5882    5.26098e-17              0    2.53021e-05              0
      0.53   43.5482    4.79807e-17              0    2.53021e-05              0
      0.53   45.6005    4.37589e-17              0    2.53021e-05              0
      0.53   47.7496    3.99086e-17              0    2.53021e-05              0
      0.53        50    3.63971e-17              0    2.53021e-05              0
      0.53   52.3564    3.31945e-17              0    2.53021e-05              0
      0.53   54.8239    3.02738e-17              0    2.53021e-05              0
      0.53   57.4077      2.761e-17              0    2.53021e-05              0
      0.53   60.1132    2.51806e-17              0    2.53021e-05              0
      0.53   62.9463     2.2965e-17              0    2.53021e-05              0
      0.53   65.9128    2.09443e-17              0    2.53021e-05              0
      0.53   69.0192    1.91015e-17              0    2.53021e-05              0
      0.53    72.272    1.74207e-17              0    2.53021e-05              0
      0.53   75.6781    1.58879e-17              0    2.53021e-05              0
      0.53   79.2447    1.44899e-17              0    2.53021e-05              0
      0.53   82.9793     1.3215e-17              0    2.53021e-05              0
      0.53     86.89    1.20522e-17              0    2.53021e-05              0
      0.53    90.985    1.09917e-17              0    2.53021e-05              0
      0.53    95.273    1.00246e-17              0    2.53021e-05              0
      0.53   99.7631    9.14254e-18              0    2.53021e-05              0
      0.53   104.465    8.33809e-18              0    2.53021e-05              0
      0.53   109.388    7.60443e-18              0    2.53021e-05              0
      0.53   114.543    6.93532e-18              0    2.53021e-05              0
      0.53   119.942    6.32509e-18              0    2.53021e-05              0
      0.53   125.594    5.76855e-18              0    2.53021e-05              0
      0.53   131.513    5.26098e-18              0    2.53021e-05              0
      0.53   137.711    4.79807e-18              0    2.53021e-05              0
      0.53   144.202    4.37589e-18              0    2.53021e-05              0
      0.53   150.998    3.99086e-18              0    2.53021e-05              0
      0.53   158.114    3.63971e-18              0    2.53021e-05              0
      0.53   165.566    3.31945e-18              0    2.53021e-05              0
      0.53   173.368    3.02738e-18              0    2.53021e-05              0
      0.53   181.539      2.761e-18              0    2.53021e-05              0
      0.53   190.095    2.51806e-18              0    2.53021e-05              0
      0.53   199.054     2.2965e-18              0    2.53021e-05              0
      0.53   208.435    2.09443e-18              0    2.53021e-05              0
      0.53   218.258    1.91015e-18              0    2.53021e-05              0
      0.53   228.544    1.74207e-18              0    2.53021e-05              0
      0.53   239.315    1.58879e-18              0    2.53021e-05              0
      0.53   250.594    1.44899e-18              0    2.53021e-05              0
      0.53   262.404     1.3215e-18              0    2.53021e-05              0
      0.53    274.77    1.20522e-18              0    2.53021e-05              0
      0.53    287.72    1.09917e-18              0    2.53021e-05              0
      0.53    301.28    1.00246e-18              0    2.53021e-05              0
      0.53   315.479    9.14254e-19              0    2.53021e-05              0
      0.53   330.347    8.33809e-19              0    2.53021e-05              0
      0.53   345.915    7.60443e-19              0    2.53021e-05              0
      0.53   362.218    6.93532e-19              0    2.53021e-05              0
      0.53   379.289    6.32509e-19              0    2.53021e-05              0
      0.53   397.164    5.76855e-19              0    2.53021e-05              0
      0.53   415.882    5.26098e-19              0    2.53021e-05              0
      0.53   435.482    4.79807e-19              0    2.53021e-05              0
      0.53   456.005    4.37589e-19              0    2.53021e-05              0
      0.53   477.496    3.99086e-19              0    2.53021e-05              0
      0.53       500    3.63971e-19              0    2.53021e-05              0
      0.53   523.564    3.31945e-19              0    2.53021e-05              0
      0.53   548.239    3.02738e-19              0    2.53021e-05              0
      0.53   574.077      2.761e-19              0    2.53021e-05              0
      0.53   601.132    2.51806e-19              0    2.53021e-05              0
      0.53   629.463     2.2965e-19              0    2.53021e-05              0
      0.53   659.128    2.09443e-19              0    2.53021e-05              0
      0.53   690.192    1.91015e-19              0    2.53021e-05              0
      0.53    722.72    1.74207e-19              0    2.53021e-05              0
      0.53   756.781    1.58879e-19              0    2.53021e-05              0
      0.53   792.447    1.44899e-19              0    2.53021e-05              0
      0.53   829.793     1.3215e-19              0    2.53021e-05              0
      0.53     868.9    1.20522e-19              0    2.53021e-05              0
      0.53    909.85    1.09917e-19              0    2.53021e-05              0
      0.53    952.73    1.00246e-19              0    2.53021e-05              0
      0.53   997.631    9.14254e-20              0    2.53021e-05              0
      0.56         5    3.84573e-15              0    2.43889e-05              0
      0.56   5.23564    3.50735e-15              0    2.43889e-05              0
      0.56   5.48239    3.19874e-15              0    2.43889e-05              0
      0.56   5.74077    2.91729e-15              0    2.43889e-05              0
      0.56   6.01132     2.6606e-15              0    2.43889e-05              0
      0.56   6.29463    2.42649e-15              0    2.43889e-05              0
      0.56   6.59128    2.21299e-15              0    2.43889e-05              0
      0.56   6.90192    2.01827e-15              0    2.43889e-05              0
      0.56    7.2272    1.84068e-15              0    2.43889e-05              0
      0.56   7.56781    1.67872e-15              0    2.43889e-05              0
      0.56   7.92447    1.53101e-15              0    2.43889e-05              0
      0.56   8.29793     1.3963e-15              0    2.43889e-05              0
      0.56     8.689    1.27344e-15              0    2.43889e-05              0
      0.56    9.0985    1.16139e-15              0    2.43889e-05              0
      0.56    9.5273     1.0592e-15              0    2.43889e-05              0
      0.56   9.97631    9.66004e-16              0    2.43889e-05              0
      0.56   10.4465    8.81006e-16              0    2.43889e-05              0
      0.56   10.9388    8.03487e-16              0    2.43889e-05              0
      0.56   11.4543    7.32789e-16              0    2.43889e-05              0
      0.56   11.9942    6.68312e-16              0    2.43889e-05              0
      0.56   12.5594    6.09507e-16              0    2.43889e-05              0
      0.56   13.1513    5.55877e-16              0    2.43889e-05              0
      0.56   13.7711    5.06966e-16              0    2.43889e-05              0
      0.56   14.4202    4.62359e-16              0    2.43889e-05              0
      0.56   15.0998    4.21676e-16              0    2.43889e-05              0
      0.56   15.8114    3.84573e-16              0    2.43889e-05              0
      0.56   16.5566    3.50735e-16              0    2.43889e-05              0
      0.56   17.3368    3.19874e-16              0    2.43889e-05              0
      0.56   18.1539    2.91729e-16              0    2.43889e-05              0
      0.56   19.0095     2.6606e-16              0    2.43889e-05              0
      0.56   19.9054    2.42649e-16              0    2.43889e-05              0
      0.56   20.8435    2.21299e-16              0    2.43889e-05              0
      0.56   21.8258    2.01827e-16              0    2.43889e-05              0
      0.56   22.8544    1.84068e-16              0    2.43889e-05              0
      0.56   23.9315    1.67872e-16              0    2.43889e-05              0
      0.56   25.0594    1.53101e-16              0    2.43889e-05              0
      0.56   26.2404     1.3963e-16              0    2.43889e-05              0
      0.56    27.477    1.27344e-16              0    2.43889e-05              0
      0.56    28.772    1.16139e-16              0    2.43889e-05              0
      0.56    30.128     1.0592e-16              0    2.43889e-05              0
      0.56   31.5479    9.66004e-17              0    2.43889e-05              0
      0.56   33.0347    8.81006e-17              0    2.43889e-05              0
      0.56   34.5915    8.03487e-17              0    2.43889e-05              0
      0.56   36.2218    7.32789e-17              0    2.43889e-05              0
      0.56   37.9289    6.68312e-17              0    2.43889e-05              0
      0.56   39.7164    6.09507e-17              0    2.43889e-05              0
      0.56   41.5882    5.55877e-17              0    2.43889e-05              0
      0.56   43.5482    5.06966e-17              0    2.43889e-05              0
      0.56   45.6005    4.62359e-17              0    2.43889e-05              0
      0.56   47.7496    4.21676e-17              0    2.43889e-05              0
      0.56        50    3.84573e-17              0    2.43889e-05              0
      0.56   52.3564    3.50735e-17              0    2.43889e-05              0
      0.56   54.8239    3.19874e-17              0    2.43889e-05              0
      0.56   57.4077    2.91729e-17              0    2.43889e-05              0
      0.56   60.1132     2.6606e-17              0    2.43889e-05              0
      0.56   62.9463    2.42649e-17              0    2.43889e-05              0
      0.56   65.9128    2.21299e-17              0    2.43889e-05              0
      0.56   69.0192    2.01827e-17              0    2.43889e-05              0
      0.56    72.272    1.84068e-17              0    2.43889e-05              0
      0.56   75.6781    1.67872e-17              0    2.43889e-05              0
      0.56   79.2447    1.53101e-17              0    2.43889e-05              0
      0.56   82.9793     1.3963e-17              0    2.43889e-05              0
      0.56     86.89    1.27344e-17              0    2.43889e-05              0
      0.56    90.985    1.16139e-17              0    2.43889e-05              0
      0.56    95.273     1.0592e-17              0    2.43889e-05              0
      0.56   99.7631    9.66004e-18              0    2.43889e-05              0
      0.56   104.465    8.81006e-18              0    2.43889e-05              0
      0.56   109.388    8.03487e-18              0    2.43889e-05              0
      0.56   114.543    7.32789e-18              0    2.43889e-05              0
      0.56   119.942    6.68312e-18              0    2.43889e-05              0
      0.56   125.594    6.09507e-18              0    2.43889e-05              0
      0.56   131.513    5.55877e-18              0    2.43889e-05              0
      0.56   137.711    5.06966e-18              0    2.43889e-05              0
      0.56   144.202    4.62359e-18              0    2.43889e-05              0
      0.56   150.998    4.21676e-18              0    2.43889e-05              0
      0.56   158.114    3.84573e-18              0    2.43889e-05              0
      0.56   165.566    3.50735e-18              0    2.43889e-05              0
      0.56   173.368    3.19874e-18              0    2.43889e-05              0
      0.56   181.539    2.91729e-18              0    2.43889e-05              0
      0.56   190.095     2.6606e-18              0    2.43889e-05              0
      0.56   199.054    2.42649e-18              0    2.43889e-05              0
      0.56   208.435    2.21299e-18              0    2.43889e-05              0
      0.56   218.258    2.01827e-18              0    2.43889e-05              0
      0.56   228.544    1.84068e-18              0    2.43889e-05              0
      0.56   239.315    1.67872e-18              0    2.43889e-05              0
      0.56   250.594    1.53101e-18              0    2.43889e-05              0
      0.56   262.404     1.3963e-18              0    2.43889e-05              0
      0.56    274.77    1.27344e-18              0    2.43889e-05              0
      0.56    287.72    1.16139e-18              0    2.43889e-05              0
      0.56    301.28     1.0592e-18              0    2.43889e-05              0
      0.56   315.479    9.66004e-19              0    2.43889e-05              0
      0.56   330.347    8.81006e-19              0    2.43889e-05              0
      0.56   345.915    8.03487e-19              0    2.43889e-05              0
      0.56   362.218    7.32789e-19              0    2.43889e-05              0
      0.56   379.289    6.68312e-19              0    2.43889e-05              0
      0.56   397.164    6.09507e-19              0    2.43889e-05              0
      0.56   415.882    5.55877e-19              0    2.43889e-05              0
      0.56   435.482    5.06966e-19              0    2.43889e-05              0
      0.56   456.005    4.62359e-19              0    2.43889e-05              0
      0.56   477.496    4.21676e-19              0    2.43889e-05              0
      0.56       500    3.84573e-19              0    2.43889e-05              0
      0.56   523.564    3.50735e-19              0    2.43889e-05              0
      0.56   548.239    3.19874e-19              0    2.43889e-05              0
      0.56   574.077    2.91729e-19              0    2.43889e-05              0
      0.56   601.132     2.6606e-19              0    2.43889e-05              0
      0.56   629.463    2.42649e-19              0    2.43889e-05              0
      0.56   659.128    2.21299e-19              0    2.43889e-05              0
      0.56   690.192    2.01827e-19              0    2.43889e-05              0
      0.56    722.72    1.84068e-19              0    2.43889e-05              0
      0.56   756.781    1.67872e-19              0    2.43889e-05              0
      0.56   792.447    1.53101e-19              0    2.43889e-05              0
      0.56   829.793     1.3963e-19              0    2.43889e-05              0
      0.56     868.9    1.27344e-19              0    2.43889e-05              0
      0.56    909.85    1.16139e-19              0    2.43889e-05              0
      0.56    952.73     1.0592e-19              0    2.43889e-05              0
      0.56   997.631    9.66004e-20              0    2.43889e-05              0
      0.59         5    4.05175e-15              0     2.4928e-05              0
      0.59   5.23564    3.69524e-15              0     2.4928e-05              0
      0.59   5.48239     3.3701e-15              0     2.4928e-05              0
      0.59   5.74077    3.07357e-15              0     2.4928e-05              0
      0.59   6.01132    2.80313e-15              0     2.4928e-05              0
      0.59   6.29463    2.55648e-15              0     2.4928e-05              0
      0.59   6.59128    2.33154e-15              0     2.4928e-05              0
      0.59   6.90192    2.12639e-15              0     2.4928e-05              0
      0.59    7.2272    1.93929e-15              0     2.4928e-05              0
      0.59   7.56781    1.76865e-15              0     2.4928e-05              0
      0.59   7.92447    1.61303e-15              0     2.4928e-05              0
      0.59   8.29793     1.4711e-15              0     2.4928e-05              0
      0.59     8.689    1.34166e-15              0     2.4928e-05              0
      0.59    9.0985    1.22361e-15              0     2.4928e-05              0
      0.59    9.5273    1.11595e-15              0     2.4928e-05              0
      0.59   9.97631    1.01775e-15              0     2.4928e-05              0
      0.59   10.4465    9.28203e-16              0     2.4928e-05              0
      0.59   10.9388    8.46531e-16              0     2.4928e-05              0
      0.59   11.4543    7.72046e-16              0     2.4928e-05              0
      0.59   11.9942    7.04114e-16              0     2.4928e-05              0
      0.59   12.5594     6.4216e-16              0     2.4928e-05              0
      0.59   13.1513    5.85657e-16              0     2.4928e-05              0
      0.59   13.7711    5.34125e-16              0     2.4928e-05              0
      0.59   14.4202    4.87128e-16              0     2.4928e-05              0
      0.59   15.0998    4.44266e-16              0     2.4928e-05              0
      0.59   15.8114    4.05175e-16              0     2.4928e-05              0
      0.59   16.5566    3.69524e-16              0     2.4928e-05              0
      0.59   17.3368     3.3701e-16              0     2.4928e-05              0
      0.59   18.1539    3.07357e-16              0     2.4928e-05              0
      0.59   19.0095    2.80313e-16              0     2.4928e-05              0
      0.59   19.9054    2.55648e-16              0     2.4928e-05              0
      0.59   20.8435    2.33154e-16              0     2.4928e-05              0
      0.59   21.8258    2.12639e-16              0     2.4928e-05              0
      0.59   22.8544    1.93929e-16              0     2.4928e-05              0
      0.59   23.9315    1.76865e-16              0     2.4928e-05              0
      0.59   25.0594    1.61303e-16              0     2.4928e-05              0
      0.59   26.2404     1.4711e-16              0     2.4928e-05              0
      0.59    27.477    1.34166e-16              0     2.4928e-05              0
      0.59    28.772    1.22361e-16              0     2.4928e-05              0
      0.59    30.128    1.11595e-16              0     2.4928e-05              0
      0.59   31.5479    1.01775e-16              0     2.4928e-05              0
      0.59   33.0347    9.28203e-17              0     2.4928e-05              0
      0.59   34.5915    8.46531e-17              0     2.4928e-05              0
      0.59   36.2218    7.72046e-17              0     2.4928e-05              0
      0.59   37.9289    7.04114e-17              0     2.4928e-05              0
      0.59   39.7164     6.4216e-17              0     2.4928e-05              0
      0.59   41.5882    5.85657e-17              0     2.4928e-05              0
      0.59   43.5482    5.34125e-17              0     2.4928e-05              0
      0.59   45.6005    4.87128e-17              0     2.4928e-05              0
      0.59   47.7496    4.44266e-17              0     2.4928e-05              0
      0.59        50    4.05175e-17              0     2.4928e-05              0
      0.59   52.3564    3.69524e-17              0     2.4928e-05              0
      0.59   54.8239     3.3701e-17              0     2.4928e-05              0
      0.59   57.4077    3.07357e-17              0     2.4928e-05              0
      0.59   60.1132    2.80313e-17              0     2.4928e-05              0
      0.59   62.9463    2.55648e-17              0     2.4928e-05              0
      0.59   65.9128    2.33154e-17              0     2.4928e-05              0
      0.59   69.0192    2.12639e-17              0     2.4928e-05              0
      0.59    72.272    1.93929e-17              0     2.4928e-05              0
      0.59   75.6781    1.76865e-17              0     2.4928e-05              0
      0.59   79.2447    1.61303e-17              0     2.4928e-05              0
      0.59   82.9793     1.4711e-17              0     2.4928e-05              0
      0.59     86.89    1.34166e-17              0     2.4928e-05              0
      0.59    90.985    1.22361e-17              0     2.4928e-05              0
      0.59    95.273    1.11595e-17              0     2.4928e-05              0
      0.59   99.7631    1.01775e-17              0     2.4928e-05              0
      0.59   104.465    9.28203e-18              0     2.4928e-05              0
      0.59   109.388    8.46531e-18              0     2.4928e-05              0
      0.59   114.543    7.72046e-18              0     2.4928e-05              0
      0.59   119.942    7.04114e-18              0     2.4928e-05              0
      0.59   125.594     6.4216e-18              0     2.4928e-05              0
      0.59   131.513    5.85657e-18              0     2.4928e-05              0
      0.59   137.711    5.34125e-18              0     2.4928e-05              0
      0.59   144.202    4.87128e-18              0     2.4928e-05              0
      0.59   150.998    4.44266e-18              0     2.4928e-05              0
      0.59   158.114    4.05175e-18              0     2.4928e-05              0
      0.59   165.566    3.69524e-18              0     2.4928e-05              0
      0.59   173.368     3.3701e-18              0     2.4928e-05              0
      0.59   181.539    3.07357e-18              0     2.4928e-05              0
      0.59   190.095    2.80313e-18              0     2.4928e-05              0
      0.59   199.054    2.55648e-18              0     2.4928e-05              0
      0.59   208.435    2.33154e-18              0     2.4928e-05              0
      0.59   218.258    2.12639e-18              0     2.4928e-05              0
      0.59   228.544    1.93929e-18              0     2.4928e-05              0
      0.59   239.315    1.76865e-18              0     2.4928e-05              0
      0.59   250.594    1.61303e-18              0     2.4928e-05              0
      0.59   262.404     1.4711e-18              0     2.4928e-05              0
      0.59    274.77    1.34166e-18              0     2.4928e-05              0
      0.59    287.72    1.22361e-18              0     2.4928e-05              0
      0.59    301.28    1.11595e-18              0     2.4928e-05              0
      0.59   315.479    1.01775e-18              0     2.4928e-05              0
      0.59   330.347    9.28203e-19              0     2.4928e-05              0
      0.59   345.915    8.46531e-19              0     2.4928e-05              0
      0.59   362.218    7.72046e-19              0     2.4928e-05              0
      0.59   379.289    7.04114e-19              0     2.4928e-05              0
      0.59   397.164     6.4216e-19              0     2.4928e-05              0
      0.59   415.882    5.85657e-19              0     2.4928e-05              0
      0.59   435.482    5.34125e-19              0     2.4928e-05              0
      0.59   456.005    4.87128e-19              0     2.4928e-05              0
      0.59   477.496    4.44266e-19              0     2.4928e-05              0
      0.59       500    4.05175e-19              0     2.4928e-05              0
      0.59   523.564    3.69524e-19              0     2.4928e-05              0
      0.59   548.239     3.3701e-19              0     2.4928e-05              0
      0.59   574.077    3.07357e-19              0     2.4928e-05              0
      0.59   601.132    2.80313e-19              0     2.4928e-05              0
      0.59   629.463    2.55648e-19              0     2.4928e-05              0
      0.59   659.128    2.33154e-19              0     2.4928e-05              0
      0.59   690.192    2.12639e-19              0     2.4928e-05              0
      0.59    722.72    1.93929e-19              0     2.4928e-05              0
      0.59   756.781    1.76865e-19              0     2.4928e-05              0
      0.59   792.447    1.61303e-19              0     2.4928e-05              0
      0.59   829.793     1.4711e-19              0     2.4928e-05              0
      0.59     868.9    1.34166e-19              0     2.4928e-05              0
      0.59    909.85    1.22361e-19              0     2.4928e-05              0
      0.59    952.73    1.11595e-19              0     2.4928e-05              0
      0.59   997.631    1.01775e-19              0     2.4928e-05              0
      0.62         5    4.25778e-15              0    2.48118e-05              0
      0.62   5.23564    3.88314e-15              0    2.48118e-05              0
      0.62   5.48239    3.54146e-15              0    2.48118e-05              0
      0.62   5.74077    3.22985e-15              0    2.48118e-05              0
      0.62   6.01132    2.94566e-15              0    2.48118e-05              0
      0.62   6.29463    2.68648e-15              0    2.48118e-05              0
      0.62   6.59128    2.45009e-15              0    2.48118e-05              0
      0.62   6.90192    2.23451e-15              0    2.48118e-05              0
      0.62    7.2272     2.0379e-15              0    2.48118e-05              0
      0.62   7.56781    1.85859e-15              0    2.48118e-05              0
      0.62   7.92447    1.69505e-15              0    2.48118e-05              0
      0.62   8.29793    1.54591e-15              0    2.48118e-05              0
      0.62     8.689    1.40988e-15              0    2.48118e-05              0
      0.62    9.0985    1.28583e-15              0    2.48118e-05              0
      0.62    9.5273    1.17269e-15              0    2.48118e-05              0
      0.62   9.97631     1.0695e-15              0    2.48118e-05              0
      0.62   10.4465      9.754e-16              0    2.48118e-05              0
      0.62   10.9388    8.89576e-16              0    2.48118e-05              0
      0.62   11.4543    8.11303e-16              0    2.48118e-05              0
      0.62   11.9942    7.39917e-16              0    2.48118e-05              0
      0.62   12.5594    6.74812e-16              0    2.48118e-05              0
      0.62   13.1513    6.15436e-16              0    2.48118e-05              0
      0.62   13.7711    5.61284e-16              0    2.48118e-05              0
      0.62   14.4202    5.11897e-16              0    2.48118e-05              0
      0.62   15.0998    4.66856e-16              0    2.48118e-05              0
      0.62   15.8114    4.25778e-16              0    2.48118e-05              0
      0.62   16.5566    3.88314e-16              0    2.48118e-05              0
      0.62   17.3368    3.54146e-16              0    2.48118e-05              0
      0.62   18.1539    3.22985e-16              0    2.48118e-05              0
      0.62   19.0095    2.94566e-16              0    2.48118e-05              0
      0.62   19.9054    2.68648e-16              0    2.48118e-05              0
      0.62   20.8435    2.45009e-16              0    2.48118e-05              0
      0.62   21.8258    2.23451e-16              0    2.48118e-05              0
      0.62   22.8544     2.0379e-16              0    2.48118e-05              0
      0.62   23.9315    1.85859e-16              0    2.48118e-05              0
      0.62   25.0594    1.69505e-16              0    2.48118e-05              0
      0.62   26.2404    1.54591e-16              0    2.48118e-05              0
      0.62    27.477    1.40988e-16              0    2.48118e-05              0
      0.62    28.772    1.28583e-16              0    2.48118e-05              0
      0.62    30.128    1.17269e-16              0    2.48118e-05              0
      0.62   31.5479     1.0695e-16              0    2.48118e-05              0
      0.62   33.0347      9.754e-17              0    2.48118e-05              0
      0.62   34.5915    8.89576e-17              0    2.48118e-05              0
      0.62   36.2218    8.11303e-17              0    2.48118e-05              0
      0.62   37.9289    7.39917e-17              0    2.48118e-05              0
      0.62   39.7164    6.74812e-17              0    2.48118e-05              0
      0.62   41.5882    6.15436e-17              0    2.48118e-05              0
      0.62   43.5482    5.61284e-17              0    2.48118e-05              0
      0.62   45.6005    5.11897e-17              0    2.48118e-05              0
      0.62   47.7496    4.66856e-17              0    2.48118e-05              0
      0.62        50    4.25778e-17              0    2.48118e-05              0
      0.62   52.3564    3.88314e-17              0    2.48118e-05              0
      0.62   54.8239    3.54146e-17              0    2.48118e-05              0
      0.62   57.4077    3.22985e-17              0    2.48118e-05              0
      0.62   60.1132    2.94566e-17              0    2.48118e-05              0
      0.62   62.9463    2.68648e-17              0    2.48118e-05              0
      0.62   65.9128    2.45009e-17              0    2.48118e-05              0
      0.62   69.0192    2.23451e-17              0    2.48118e-05              0
      0.62    72.272     2.0379e-17              0    2.48118e-05              0
      0.62   75.6781    1.85859e-17              0    2.48118e-05              0
      0.62   79.2447    1.69505e-17              0    2.48118e-05              0
      0.62   82.9793    1.54591e-17              0    2.48118e-05              0
      0.62     86.89    1.40988e-17              0    2.48118e-05              0
      0.62    90.985    1.28583e-17              0    2.48118e-05              0
      0.62    95.273    1.17269e-17              0    2.48118e-05              0
      0.62   99.7631     1.0695e-17              0    2.48118e-05              0
      0.62   104.465      9.754e-18              0    2.48118e-05              0
      0.62   109.388    8.89576e-18              0    2.48118e-05              0
      0.62   114.543    8.11303e-18              0    2.48118e-05              0
      0.62   119.942    7.39917e-18              0    2.48118e-05              0
      0.62   125.594    6.74812e-18              0    2.48118e-05              0
      0.62   131.513    6.15436e-18              0    2.48118e-05              0
      0.62   137.711    5.61284e-18              0    2.48118e-05              0
      0.62   144.202    5.11897e-18              0    2.48118e-05              0
      0.62   150.998    4.66856e-18              0    2.48118e-05              0
      0.62   158.114    4.25778e-18              0    2.48118e-05              0
